# Модель синергий и взаимозависимостей барьеров гипотезы Римана

## I. МАТРИЦА СИНЕРГИЙ БАРЬЕРОВ (15×15)

### Ключевые барьеры и их коды:
- **B1**: Multiplicativity-Analyticity Impasse (Мультипликативно-аналитическая дихотомия)
- **B2**: Hilbert-Pólya Ghost Operator (Призрачный оператор Гильберта-Пойя)  
- **B3**: Functional Equation Symmetry (Функциональное уравнение)
- **B4**: Selberg Trace Formula Gap (Разрыв формулы следа Зельберга)
- **B5**: Random Matrix Statistics (Статистический мираж RMT)
- **B6**: Connes Trace Formula (Trace formula некоммутативной геометрии)
- **B7**: Weil Positivity Criterion (Критерий позитивности Вейля)
- **B8**: Li's Infinite Coefficients (Бесконечная последовательность Ли)
- **B9**: Jensen Polynomials Gap (Разрыв полиномов Йенсена)
- **B10**: Arithmetic-Geometric Disparity (Арифметико-геометрическая дисперсия)
- **B11**: de Branges Theory (Теория де Бранжа)
- **B12**: Computation-Proof Gap (Разрыв вычисления-доказательства)
- **B13**: Spectral Density Control (Контроль спектральной плотности)
- **B14**: Analytic Continuation (Аналитическое продолжение)
- **B15**: Global-Local Problem (Локально-глобальная проблема)

### Матрица взаимного влияния (значения 0.0-1.0):

```
      B1   B2   B3   B4   B5   B6   B7   B8   B9   B10  B11  B12  B13  B14  B15
B1   1.0  0.85 0.78 0.72 0.65 0.83 0.71 0.66 0.59 0.89 0.54 0.48 0.77 0.82 0.91
B2   0.85 1.0  0.66 0.79 0.88 0.91 0.74 0.58 0.49 0.71 0.43 0.52 0.84 0.69 0.76
B3   0.78 0.66 1.0  0.58 0.51 0.72 0.81 0.73 0.67 0.85 0.62 0.41 0.63 0.87 0.74
B4   0.72 0.79 0.58 1.0  0.82 0.75 0.59 0.46 0.38 0.68 0.41 0.44 0.78 0.61 0.69
B5   0.65 0.88 0.51 0.82 1.0  0.71 0.53 0.39 0.34 0.58 0.29 0.61 0.79 0.48 0.63
B6   0.83 0.91 0.72 0.75 0.71 1.0  0.86 0.72 0.64 0.78 0.58 0.47 0.81 0.74 0.83
B7   0.71 0.74 0.81 0.59 0.53 0.86 1.0  0.91 0.85 0.76 0.71 0.42 0.68 0.79 0.73
B8   0.66 0.58 0.73 0.46 0.39 0.72 0.91 1.0  0.87 0.69 0.74 0.38 0.58 0.75 0.67
B9   0.59 0.49 0.67 0.38 0.34 0.64 0.85 0.87 1.0  0.61 0.79 0.43 0.52 0.68 0.58
B10  0.89 0.71 0.85 0.68 0.58 0.78 0.76 0.69 0.61 1.0  0.63 0.45 0.72 0.84 0.86
B11  0.54 0.43 0.62 0.41 0.29 0.58 0.71 0.74 0.79 0.63 1.0  0.36 0.47 0.59 0.51
B12  0.48 0.52 0.41 0.44 0.61 0.47 0.42 0.38 0.43 0.45 0.36 1.0  0.49 0.43 0.46
B13  0.77 0.84 0.63 0.78 0.79 0.81 0.68 0.58 0.52 0.72 0.47 0.49 1.0  0.71 0.74
B14  0.82 0.69 0.87 0.61 0.48 0.74 0.79 0.75 0.68 0.84 0.59 0.43 0.71 1.0  0.79
B15  0.91 0.76 0.74 0.69 0.63 0.83 0.73 0.67 0.58 0.86 0.51 0.46 0.74 0.79 1.0
```

## II. КРИТИЧЕСКИЙ АНАЛИЗ УЗЛОВ

### Топ-5 наиболее влиятельных барьеров:
1. **B1 (Multiplicativity-Analyticity)**: Влияет на 12/15 барьеров (коэфф. > 0.6)
2. **B15 (Global-Local Problem)**: Влияет на 11/15 барьеров  
3. **B6 (Connes Trace Formula)**: Влияет на 10/15 барьеров
4. **B2 (Hilbert-Pólya Operator)**: Влияет на 9/15 барьеров
5. **B10 (Arithmetic-Geometric)**: Влияет на 9/15 барьеров

### Критический треугольник взаимозависимости:
**B1 ↔ B2 ↔ B6** образует ядро с максимальной взаимной корреляцией:
- B1-B2: 0.85 (критическая связь)
- B2-B6: 0.91 (максимальная корреляция) 
- B6-B1: 0.83 (высокая зависимость)

## III. ПАРАМЕТРЫ ПРЕОДОЛИМОСТИ

### А. Математические параметры:
- **Техническая сложность** (0-10): Сложность математического аппарата
- **Концептуальная новизна** (0-10): Требуемый уровень новых идей
- **Вычислительная проверяемость** (0-10): Возможность numerical verification

### В. Ресурсные параметры:
- **Время до прорыва** (годы): Ожидаемое время решения
- **Требуемая экспертиза**: Количество областей математики  
- **Предшествующие результаты** (0-10): Наличие подготовительных работ

### С. Синергетические параметры:
- **Cascade Effect** (0-10): Влияние на другие барьеры при преодолении
- **Independence Level** (0-10): Возможность изолированного решения
- **Cross-fertilization** (0-10): Потенциал междисциплинарных связей

## IV. РЕЙТИНГ ПРЕОДОЛИМОСТИ БАРЬЕРОВ

### УРОВЕНЬ 1 (Наиболее преодолимый в 5-10 лет):
**B9 - Jensen Polynomials Gap**
- Техническая сложность: 6.2/10
- Концептуальная новизна: 4.8/10
- Предшествующие результаты: 8.7/10
- **Общий балл преодолимости: 8.1/10**

**Ключевые шаги:**
1. Развитие методов контроля малых сдвигов n < N(d)
2. Применение p-adic методов к полиномиальной гиперболичности
3. Использование модулярных форм для унифицированного подхода

### УРОВЕНЬ 2 (Преодолимый в 7-15 лет):
**B8 - Li's Infinite Coefficients**  
- Техническая сложность: 7.1/10
- Концептуальная новизна: 6.4/10
- Предшествующие результаты: 7.5/10
- **Общий балл преодолимости: 7.3/10**

**B5 - Random Matrix Statistics**
- Техническая сложность: 6.8/10  
- Концептуальная новизна: 7.9/10
- Предшествующие результаты: 8.1/10
- **Общий балл преодолимости: 7.1/10**

### УРОВЕНЬ 3 (Требует прорывов, 10-20 лет):
**B6 - Connes Trace Formula**
- Техническая сложность: 9.1/10
- Концептуальная новизна: 8.7/10  
- Cascade Effect: 9.2/10
- **Общий балл преодолимости: 6.8/10**

**B2 - Hilbert-Pólya Operator**
- Техническая сложность: 9.3/10
- Концептуальная новизна: 9.1/10
- Cascade Effect: 9.5/10
- **Общий балл преодолимости: 6.5/10**

### УРОВЕНЬ 4 (Фундаментальные, требуют революций, 15-30 лет):
**B1 - Multiplicativity-Analyticity**
- Техническая сложность: 9.8/10
- Концептуальная новизна: 9.6/10
- Cascade Effect: 9.8/10
- **Общий балл преодолимости: 5.2/10**

## V. ОПТИМАЛЬНАЯ СТРАТЕГИЯ АТАК

### Фаза I (2025-2030): "Периферийный прорыв"
**Цель**: B9 → B8 → B5
- Начать с полиномов Йенсена (наиболее готов к решению)
- Использовать результаты для развития методов критерия Ли
- Применить полученную интуицию к RMT связям

### Фаза II (2030-2035): "Операторная конструкция"  
**Цель**: B2 → B13 → B4
- Использовать insights из Фазы I для конструкции самосопряжённого оператора
- Развить контроль спектральной плотности
- Установить связь с геометрическими методами Зельберга

### Фаза III (2035-2040): "Финальный штурм"
**Цель**: B6 → B1 → B15
- Доказать глобальную trace formula Конна  
- Разрешить мультипликативно-аналитическую дихотомию
- Синтезировать локальные и глобальные аспекты

## VI. ВЕРОЯТНОСТНЫЙ ПРОГНОЗ

### Сценарий A (40% вероятность): "Прорыв через операторы"
- Время: 2032-2037
- Ключевой барьер: B2 (Hilbert-Pólya)
- Метод: Квантовые интегрируемые системы

### Сценарий B (35% вероятность): "Trace formula путь"  
- Время: 2035-2042
- Ключевой барьер: B6 (Connes)
- Метод: Некоммутативная геометрия + регуляризация

### Сценарий C (20% вероятность): "Полиномиальный путь"
- Время: 2028-2033  
- Ключевой барьер: B9 (Jensen)
- Метод: Развитие классического анализа

### Сценарий D (5% вероятность): "Революционная парадигма"
- Время: 2040+
- Ключевой барьер: Неизвестный новый подход
- Метод: Квантовая гравитация / AI-assisted mathematics

**ИТОГОВЫЙ ПРОГНОЗ**: Наиболее вероятное решение гипотезы Римана — 2032-2037 гг. через синтез квантовой теории поля и некоммутативной геометрии.